rsid,A,T,G,C,A_N,T_N,G_N,C_N
rs180058,NA,0.403,NA,0.597,NA,190,NA,282
rs7412,NA,0.068,NA,0.932,NA,32,NA,438
rs429358,NA,0.919,NA,0.081,NA,430,NA,38
rs405509,0.753,NA,NA,0.247,354,NA,NA,116
rs520540,0.354,NA,0.646,NA,401,NA,731,NA
rs966221,NA,0.783,NA,0.217,NA,880,NA,244
rs1800796,NA,NA,0.325,0.675,NA,NA,368,766
rs2230501,0.764,NA,NA,0.236,866,NA,NA,268
rs4293222,NA,NA,0.62,0.38,NA,NA,703,431
rs4360791,0.632,NA,0.368,NA,713,NA,415,NA
rs7178239,NA,NA,0.504,0.496,NA,NA,571,563
rs9536591,0.377,NA,NA,0.623,427,NA,NA,705
rs10204475,NA,0.146,0.854,NA,NA,165,967,NA
rs10757278,0.538,NA,0.462,NA,574,NA,492,NA
rs11052413,NA,0.094,0.906,NA,NA,105,1013,NA
rs12429692,0.665,0.335,NA,NA,754,380,NA,NA
rs12932445,NA,0.608,NA,0.392,NA,629,NA,405
rs10037045,0.7,0.3,NA,NA,1104,474,NA,NA
rs107251,NA,0.288,NA,0.712,NA,486,NA,1202
rs12596316,0.647,NA,0.353,NA,1090,NA,596,NA
rs1805087,0.926,NA,0.074,NA,1379,NA,111,NA
rs1906591,0.515,NA,0.485,NA,654,NA,616,NA
rs2301957,NA,0.182,NA,0.818,NA,308,NA,1384
rs2516838,NA,NA,0.892,0.108,NA,NA,1489,181
rs2540500,0.51,NA,0.49,NA,851,NA,819,NA
rs2851391,NA,0.263,NA,0.737,NA,444,NA,1242
rs4506565,0.941,0.059,NA,NA,1577,99,NA,NA
rs5015480,NA,0.823,NA,0.177,NA,1274,NA,274
rs7651090,0.753,NA,0.247,NA,1239,NA,407,NA
rs7903146,NA,0.058,NA,0.942,NA,96,NA,1546
rs822396,0.908,NA,0.092,NA,1513,NA,153,NA
rs10116277,NA,0.703,0.297,NA,NA,1209,511,NA
rs1063538,NA,0.565,NA,0.435,NA,857,NA,659
rs10886471,NA,0.228,NA,0.772,NA,402,NA,1364
rs11558471,0.593,NA,0.407,NA,1046,NA,718,NA
rs12255372,NA,0.012,0.988,NA,NA,22,1738,NA
rs12363280,NA,NA,0.145,0.855,NA,NA,252,1486
rs13266634,NA,0.413,NA,0.587,NA,722,NA,1028
rs1333040,NA,0.706,NA,0.294,NA,1240,NA,516
rs2072512,0.595,0.405,NA,NA,1045,711,NA,NA
rs2106261,0.344,NA,0.656,NA,598,NA,1140,NA
rs2267164,NA,0.613,NA,0.387,NA,1084,NA,684
rs234709,NA,0.103,NA,0.897,NA,178,NA,1556
rs2943641,NA,0.08,NA,0.92,NA,142,NA,1622
rs3825075,0.584,NA,0.416,NA,1024,NA,730,NA
rs4402960,NA,0.25,0.75,NA,NA,440,1320,NA
rs4577037,NA,0.779,0.221,NA,NA,1362,386,NA
rs4712524,0.535,NA,0.465,NA,936,NA,812,NA
rs719037,0.743,NA,0.257,NA,1297,NA,449,NA
rs731991,0.818,NA,0.182,NA,1433,NA,319,NA
rs8034928,NA,0.681,NA,0.319,NA,1194,NA,560
rs854572,NA,NA,0.447,0.553,NA,NA,781,967
rs1051319,NA,NA,0.073,0.927,NA,NA,128,1628
rs10946398,0.527,NA,NA,0.473,929,NA,NA,835
rs1532268,0.144,NA,0.856,NA,254,NA,1514,NA
rs1544468,0.817,NA,0.183,NA,1441,NA,323,NA
rs17584499,NA,0.091,NA,0.909,NA,161,NA,1605
rs17817449,NA,0.877,0.123,NA,NA,1550,218,NA
rs1801278,0.014,NA,0.986,NA,25,NA,1739,NA
rs2247304,0.83,NA,0.17,NA,526,NA,108,NA
rs2283228,0.632,NA,NA,0.368,1119,NA,NA,651
rs2516839,0.318,NA,0.682,NA,553,NA,1187,NA
rs3733890,0.311,NA,0.689,NA,550,NA,1218,NA
rs3848180,NA,0.449,0.551,NA,NA,723,887,NA
rs4712032,0.798,NA,0.202,NA,1397,NA,353,NA
rs694539,0.358,NA,0.642,NA,629,NA,1127,NA
rs705379,0.303,NA,0.697,NA,367,NA,845,NA
rs8050136,0.123,NA,NA,0.877,218,NA,NA,1550
rs864265,NA,0.091,0.909,NA,NA,153,1529,NA
rs1131445,NA,0.673,NA,0.327,NA,1136,NA,552
rs11868708,NA,0.718,NA,0.282,NA,1210,NA,476
rs11920090,0.012,0.988,NA,NA,21,1669,NA,NA
rs12779790,0.834,NA,0.166,NA,1363,NA,271,NA
rs16879248,NA,0.833,NA,0.167,NA,1396,NA,280
rs17070905,NA,0.101,NA,0.899,NA,170,NA,1508
rs17070967,NA,0.889,NA,0.111,NA,1469,NA,183
rs2293050,0.435,NA,0.565,NA,732,NA,952,NA
rs2301955,NA,0.182,NA,0.818,NA,308,NA,1380
rs3737787,NA,0.213,NA,0.787,NA,359,NA,1325
rs3923113,NA,0.843,0.157,NA,NA,1410,262,NA
rs4311394,0.555,NA,0.445,NA,916,NA,734,NA
rs4523957,NA,0.724,0.276,NA,NA,1162,442,NA
rs4769060,0.636,NA,0.364,NA,1073,NA,613,NA
rs5219,NA,0.414,NA,0.586,NA,691,NA,979
rs705381,NA,0.111,NA,0.889,NA,183,NA,1463
rs7298096,0.691,NA,0.309,NA,1045,NA,467,NA
rs7612463,0.2,NA,NA,0.8,332,NA,NA,1326
rs7923837,0.786,NA,0.214,NA,1312,NA,358,NA
rs822391,NA,0.905,NA,0.095,NA,1515,NA,159
rs9939609,0.128,0.872,NA,NA,212,1442,NA,NA
rs12204590,NA,1,NA,NA,NA,44,NA,NA
rs1767788,NA,0.432,NA,0.568,NA,19,NA,25
rs2364368,0.429,0.571,NA,NA,18,24,NA,NA
rs2393938,NA,0.614,NA,0.386,NA,27,NA,17
rs3217992,0.318,NA,0.682,NA,14,NA,30,NA
rs3809263,0.429,NA,0.571,NA,18,NA,24,NA
rs4846049,NA,0.114,0.886,NA,NA,5,39,NA
rs5001076,NA,NA,NA,1,NA,NA,NA,42
rs7531549,NA,NA,1,NA,NA,NA,42,NA
rs8176668,0.25,0.75,NA,NA,11,33,NA,NA
rs13702,0.818,NA,0.182,NA,36,NA,8,NA
rs2241766,NA,NA,NA,NA,NA,NA,NA,NA
rs7107784,NA,NA,NA,NA,NA,NA,NA,NA
rs12495941,NA,0.403,0.597,NA,NA,678,1006,NA
rs1501299,0.264,NA,NA,0.736,443,NA,NA,1235
rs2228014,NA,0.143,NA,0.857,NA,241,NA,1445
rs4812829,0.445,NA,0.555,NA,753,NA,939,NA
rs11924390,NA,0.71,NA,0.29,NA,1138,NA,464
rs3746444,NA,0.73,NA,0.27,NA,1271,NA,471
rs3774261,0.548,NA,0.452,NA,964,NA,794,NA
rs6773957,0.547,NA,0.453,NA,967,NA,801,NA
rs117690401,0.082,NA,0.918,NA,369,NA,4121,NA
rs1428155,NA,0.665,NA,0.335,NA,2928,NA,1474
rs660599,NA,0.117,NA,0.883,NA,513,NA,3867
rs879324,NA,0.35,NA,0.65,NA,1546,NA,2870
rs2066715,0.395,NA,0.605,NA,1760,NA,2692,NA
rs2237895,0.671,NA,NA,0.329,2916,NA,NA,1428
rs67156297,0.098,NA,0.902,NA,426,NA,3914,NA
rs7403531,NA,0.38,NA,0.62,NA,1698,NA,2770
rs780094,0.54,NA,0.46,NA,2399,NA,2041,NA
rs972283,0.265,NA,0.735,NA,1180,NA,3266,NA
rs2200733,NA,0.527,NA,0.473,NA,2394,NA,2146
rs1048612,NA,0.182,NA,0.818,NA,816,NA,3658
rs10811661,NA,0.51,NA,0.49,NA,2316,NA,2222
rs1746048,NA,0.351,NA,0.649,NA,1590,NA,2946
rs1801133,NA,0.636,NA,0.364,NA,2902,NA,1660
rs2292832,NA,0.682,NA,0.318,NA,3081,NA,1435
rs2297630,0.147,NA,0.853,NA,671,NA,3893,NA
rs2383207,0.32,NA,0.68,NA,1450,NA,3086,NA
rs3865188,0.334,0.666,NA,NA,1526,3044,NA,NA
rs4783244,NA,0.335,0.665,NA,NA,1536,3044,NA
rs1801157,0.216,NA,0.784,NA,984,NA,3574,NA
rs3802177,NA,0.348,NA,0.652,NA,1485,NA,2777
rs6565105,0.414,NA,0.586,NA,1889,NA,2671,NA
rs7756992,0.466,NA,0.534,NA,2121,NA,2431,NA
rs1111875,0.722,NA,0.278,NA,3295,NA,1269,NA
rs16861194,0.823,NA,0.177,NA,3759,NA,807,NA
rs266729,NA,NA,0.277,0.723,NA,NA,1266,3304
rs3735590,NA,0.144,NA,0.856,NA,660,NA,3938
rs662,0.369,NA,0.631,NA,1684,NA,2882,NA
rs10447248,0.668,NA,0.332,NA,3018,NA,1502,NA
rs1778155,NA,0.104,NA,0.896,NA,443,NA,3809
rs1952706,NA,0.529,NA,0.471,NA,1814,NA,1616
rs1027087,0.705,0.295,NA,NA,3015,1261,NA,NA
rs10489177,NA,0.401,0.599,NA,NA,1661,2485,NA
rs11077501,NA,0.714,NA,0.286,NA,2892,NA,1160
rs12445022,0.398,NA,0.602,NA,1714,NA,2596,NA
rs12679556,NA,0.319,0.681,NA,NA,1207,2575,NA
rs13017482,NA,0.862,NA,0.138,NA,3660,NA,586
rs1334576,0.546,NA,0.454,NA,2293,NA,1907,NA
rs1982963,0.788,NA,0.212,NA,3349,NA,903,NA
rs2213732,0.836,NA,0.164,NA,3485,NA,685,NA
rs225132,NA,0.317,0.683,NA,NA,1338,2886,NA
rs2625967,0.575,NA,0.425,NA,2430,NA,1796,NA
rs2820443,NA,0.676,NA,0.324,NA,2842,NA,1362
rs2861568,0.49,0.51,NA,NA,1990,2074,NA,NA
rs2925979,NA,0.39,NA,0.61,NA,1700,NA,2658
rs351855,0.398,NA,0.602,NA,1705,NA,2581,NA
rs3887137,NA,0.371,NA,0.629,NA,1434,NA,2432
rs4911495,0.86,NA,NA,0.14,3483,NA,NA,567
rs5020946,NA,0.381,0.619,NA,NA,1565,2543,NA
rs6905288,0.722,NA,0.278,NA,2966,NA,1144,NA
rs984222,NA,NA,0.624,0.376,NA,NA,2568,1546
rs1534696,0.81,NA,NA,0.19,3311,NA,NA,777
rs6556301,NA,0.56,0.44,NA,NA,2369,1865,NA
rs12608504,0.234,NA,0.766,NA,960,NA,3142,NA
rs10849373,0.024,NA,0.976,NA,66,NA,2662,NA
rs2139733,0.431,0.569,NA,NA,1144,1510,NA,NA
rs3842,NA,0.732,NA,0.268,NA,1899,NA,697
rs4148727,0.885,NA,0.115,NA,2328,NA,302,NA
rs9551963,0.642,NA,NA,0.358,2450,NA,NA,1364
rs12051272,NA,0.306,0.694,NA,NA,1332,3014,NA
rs2540489,0.611,NA,0.389,NA,2602,NA,1654,NA
rs2240419,0.241,NA,0.759,NA,1071,NA,3371,NA
rs6538697,NA,0.733,NA,0.267,NA,3275,NA,1193
rs2383206,0.536,NA,0.464,NA,2285,NA,1981,NA
rs2389995,0.79,NA,0.21,NA,3572,NA,952,NA
rs7857345,NA,0.305,NA,0.695,NA,1300,NA,2960
rs10507391,0.38,0.62,NA,NA,1466,2394,NA,NA
rs2043211,0.507,0.493,NA,NA,1932,1876,NA,NA
rs2107595,NA,0.123,NA,0.877,NA,219,NA,1559
rs11196288,0.664,NA,0.336,NA,2852,NA,1442,NA
rs11614913,NA,0.505,NA,0.495,NA,2116,NA,2070
rs12425791,0.248,NA,0.752,NA,1073,NA,3251,NA
rs161802,NA,0.667,0.333,NA,NA,2852,1422,NA
rs16851055,0.186,NA,0.814,NA,791,NA,3453,NA
rs2787417,NA,0.441,NA,0.559,NA,1799,NA,2281
rs4977574,0.547,NA,0.453,NA,2366,NA,1958,NA
rs505922,NA,0.52,NA,0.48,NA,2221,NA,2051
rs579459,NA,0.803,NA,0.197,NA,3452,NA,846
rs934075,0.489,NA,0.511,NA,2070,NA,2162,NA
rs10830963,NA,NA,0.426,0.574,NA,NA,1813,2443
rs1116357,NA,0.582,NA,0.418,NA,2447,NA,1759
rs1387153,NA,0.518,NA,0.482,NA,2174,NA,2026
rs243021,NA,0.556,NA,0.444,NA,2256,NA,1800
rs4607103,NA,0.364,NA,0.636,NA,1559,NA,2727
rs67839313,NA,0.632,NA,0.368,NA,2698,NA,1568
rs7041847,0.462,NA,0.538,NA,1945,NA,2267,NA
rs7766070,NA,NA,NA,1,NA,NA,NA,4444
rs9309245,NA,NA,0.407,0.593,NA,NA,1637,2383
rs340874,0.525,NA,0.475,NA,2268,NA,2056,NA
rs3786897,0.5,NA,0.5,NA,2105,NA,2103,NA
rs7193343,NA,0.668,NA,0.332,NA,3008,NA,1496
rs11833579,0.336,NA,0.664,NA,1481,NA,2929,NA
rs1029153,NA,0.793,NA,0.207,NA,3140,NA,822
rs2237892,NA,0.322,NA,0.678,NA,1406,NA,2956
rs2910164,NA,NA,0.443,0.557,NA,NA,1989,2497
rs3865186,NA,0.446,NA,0.554,NA,1948,NA,2420
rs4948878,0.933,NA,0.067,NA,3972,NA,284,NA
rs6843082,0.269,NA,0.731,NA,1214,NA,3292,NA
rs501120,0.614,NA,0.386,NA,2644,NA,1662,NA
rs7193788,0.532,NA,0.468,NA,2367,NA,2081,NA
rs182052,0.516,NA,0.484,NA,2274,NA,2132,NA
rs6017317,NA,0.556,0.444,NA,NA,2405,1919,NA
rs6780569,0.194,NA,0.806,NA,826,NA,3440,NA
rs556621,0.501,NA,NA,0.499,2134,NA,NA,2122
rs2634074,0.277,0.723,NA,NA,1109,2901,NA,NA
