rsid,C,T,A,G,na,Minor_Allele,MAF
rs10037045,NA,0.269,0.731,NA,NA,T,0.269
rs10116277,NA,0.704,NA,0.296,NA,G,0.296
rs10204475,NA,0.15,NA,0.85,NA,T,0.15
rs1027087,NA,0.295,0.705,NA,NA,T,0.295
rs1029153,0.211,0.789,NA,NA,NA,C,0.211
rs10447248,NA,NA,0.678,0.322,NA,G,0.322
rs1048612,0.816,0.184,NA,NA,NA,T,0.184
rs10489177,NA,0.379,NA,0.621,NA,T,0.379
rs10507391,NA,0.62,0.38,NA,NA,A,0.38
rs1051319,0.936,NA,NA,0.064,NA,G,0.064
rs1063538,0.441,0.559,NA,NA,NA,C,0.441
rs107251,0.735,0.265,NA,NA,NA,T,0.265
rs10757278,NA,NA,0.529,0.471,NA,G,0.471
rs10811661,0.462,0.538,NA,NA,NA,C,0.462
rs10830963,0.567,NA,NA,0.433,NA,G,0.433
rs10849373,NA,NA,0.025,0.975,NA,A,0.025
rs10886471,0.778,0.222,NA,NA,NA,T,0.222
rs10946398,0.451,NA,0.549,NA,NA,C,0.451
rs11052413,NA,0.094,NA,0.906,NA,T,0.094
rs11077501,0.298,0.702,NA,NA,NA,C,0.298
rs1111875,NA,NA,0.723,0.277,NA,G,0.277
rs1116357,0.394,0.606,NA,NA,NA,C,0.394
rs11196288,NA,NA,0.645,0.355,NA,G,0.355
rs1131445,0.313,0.687,NA,NA,NA,C,0.313
rs11558471,NA,NA,0.607,0.393,NA,G,0.393
rs11614913,0.494,0.506,NA,NA,NA,C,0.494
rs117690401,NA,NA,0.08,0.92,NA,A,0.08
rs11833579,NA,NA,0.339,0.661,NA,A,0.339
rs11868708,0.288,0.712,NA,NA,NA,C,0.288
rs11920090,NA,0.989,0.011,NA,NA,A,0.011
rs11924390,0.282,0.718,NA,NA,NA,C,0.282
rs12051272,NA,0.304,NA,0.696,NA,T,0.304
rs12204590,NA,0.992,0.008,NA,NA,A,0.008
rs12255372,NA,0.012,NA,0.988,NA,T,0.012
rs12363280,0.839,NA,NA,0.161,NA,G,0.161
rs12425791,NA,NA,0.26,0.74,NA,A,0.26
rs12429692,NA,0.34,0.66,NA,NA,T,0.34
rs12445022,NA,NA,0.343,0.657,NA,A,0.343
rs12495941,NA,0.389,NA,0.611,NA,T,0.389
rs12596316,NA,NA,0.655,0.345,NA,G,0.345
rs12608504,NA,NA,0.237,0.763,NA,A,0.237
rs12679556,NA,0.298,NA,0.702,NA,T,0.298
rs12779790,NA,NA,0.846,0.154,NA,G,0.154
rs12932445,0.373,0.627,NA,NA,NA,C,0.373
rs13017482,0.134,0.866,NA,NA,NA,C,0.134
rs13266634,0.599,0.401,NA,NA,NA,T,0.401
rs1333040,0.291,0.709,NA,NA,NA,C,0.291
rs1334576,NA,NA,0.535,0.465,NA,G,0.465
rs13702,NA,NA,0.82,0.18,NA,G,0.18
rs1387153,0.518,0.482,NA,NA,NA,T,0.482
rs1428155,0.328,0.672,NA,NA,NA,C,0.328
rs1501299,0.721,NA,0.279,NA,NA,A,0.279
rs1532268,NA,NA,0.141,0.859,NA,A,0.141
rs1534696,0.188,NA,0.812,NA,NA,C,0.188
rs1544468,NA,NA,0.819,0.181,NA,G,0.181
rs161802,NA,0.662,NA,0.338,NA,G,0.338
rs16851055,NA,NA,0.196,0.804,NA,A,0.196
rs16861194,NA,NA,0.827,0.173,NA,G,0.173
rs16879248,0.152,0.848,NA,NA,NA,C,0.152
rs17070905,0.908,0.092,NA,NA,NA,T,0.092
rs17070967,0.099,0.901,NA,NA,NA,C,0.099
rs1746048,0.646,0.354,NA,NA,NA,T,0.354
rs17584499,0.914,0.086,NA,NA,NA,T,0.086
rs1767788,0.46,0.54,NA,NA,NA,C,0.46
rs1778155,0.847,0.153,NA,NA,NA,T,0.153
rs17817449,NA,0.883,NA,0.117,NA,G,0.117
rs180058,0.597,0.403,NA,NA,NA,T,0.403
rs1800796,0.664,NA,NA,0.336,NA,G,0.336
rs1801133,0.369,0.631,NA,NA,NA,C,0.369
rs1801157,NA,NA,0.229,0.771,NA,A,0.229
rs1805087,NA,NA,0.927,0.073,NA,G,0.073
rs182052,NA,NA,0.508,0.492,NA,G,0.492
rs1906591,NA,NA,0.532,0.468,NA,G,0.468
rs1952706,0.494,0.506,NA,NA,NA,C,0.494
rs1982963,NA,NA,0.791,0.209,NA,G,0.209
rs2043211,NA,0.474,0.526,NA,NA,T,0.474
rs2066715,NA,NA,0.389,0.611,NA,A,0.389
rs2072512,NA,0.405,0.595,NA,NA,T,0.405
rs2106261,NA,NA,0.333,0.667,NA,A,0.333
rs2107595,0.855,0.145,NA,NA,NA,T,0.145
rs2139733,NA,0.562,0.438,NA,NA,A,0.438
rs2200733,0.482,0.518,NA,NA,NA,C,0.482
rs2213732,NA,NA,0.815,0.185,NA,G,0.185
rs2228014,0.866,0.134,NA,NA,NA,T,0.134
rs2230501,0.242,NA,0.758,NA,NA,C,0.242
rs2237892,0.687,0.313,NA,NA,NA,T,0.313
rs2237895,0.337,NA,0.663,NA,NA,C,0.337
rs2240419,NA,NA,0.244,0.756,NA,A,0.244
rs2241766,NA,0.706,NA,0.294,NA,G,0.294
rs2247304,NA,NA,0.749,0.251,NA,G,0.251
rs225132,NA,0.315,NA,0.685,NA,T,0.315
rs2267164,0.388,0.612,NA,NA,NA,C,0.388
rs2283228,0.34,NA,0.66,NA,NA,C,0.34
rs2292832,0.318,0.682,NA,NA,NA,C,0.318
rs2293050,NA,NA,0.446,0.554,NA,A,0.446
rs2297630,NA,NA,0.15,0.85,NA,A,0.15
rs2301955,0.821,0.179,NA,NA,NA,T,0.179
rs2301957,0.821,0.179,NA,NA,NA,T,0.179
rs234709,0.9,0.1,NA,NA,NA,T,0.1
rs2364368,NA,0.682,0.318,NA,NA,A,0.318
rs2383206,NA,NA,0.537,0.463,NA,G,0.463
rs2383207,NA,NA,0.328,0.672,NA,A,0.328
rs2389995,NA,NA,0.791,0.209,NA,G,0.209
rs2393938,0.481,0.519,NA,NA,NA,C,0.481
rs243021,0.427,0.573,NA,NA,NA,C,0.427
rs2516838,0.124,NA,NA,0.876,NA,C,0.124
rs2516839,NA,NA,0.318,0.682,NA,A,0.318
rs2540489,NA,NA,0.616,0.384,NA,G,0.384
rs2540500,NA,NA,0.508,0.492,NA,G,0.492
rs2625967,NA,NA,0.584,0.416,NA,G,0.416
rs2634074,NA,0.304,0.696,NA,NA,T,0.304
rs266729,0.718,NA,NA,0.282,NA,G,0.282
rs2787417,0.539,0.461,NA,NA,NA,T,0.461
rs2820443,0.312,0.688,NA,NA,NA,C,0.312
rs2851391,0.712,0.288,NA,NA,NA,T,0.288
rs2861568,NA,0.497,0.503,NA,NA,T,0.497
rs2910164,0.549,NA,NA,0.451,NA,G,0.451
rs2925979,0.594,0.406,NA,NA,NA,T,0.406
rs2943641,0.928,0.072,NA,NA,NA,T,0.072
rs3217992,NA,NA,0.468,0.532,NA,A,0.468
rs340874,NA,NA,0.535,0.465,NA,G,0.465
rs351855,NA,NA,0.404,0.596,NA,A,0.404
rs3733890,NA,NA,0.285,0.715,NA,A,0.285
rs3735590,0.859,0.141,NA,NA,NA,T,0.141
rs3737787,0.807,0.193,NA,NA,NA,T,0.193
rs3746444,0.272,0.728,NA,NA,NA,C,0.272
rs3774261,NA,NA,0.552,0.448,NA,G,0.448
rs3786897,NA,NA,0.507,0.493,NA,G,0.493
rs3802177,0.655,0.345,NA,NA,NA,T,0.345
rs3809263,NA,NA,0.394,0.606,NA,A,0.394
rs3825075,NA,NA,0.58,0.42,NA,G,0.42
rs3842,0.266,0.734,NA,NA,NA,C,0.266
rs3848180,NA,0.469,NA,0.531,NA,T,0.469
rs3865186,0.551,0.449,NA,NA,NA,T,0.449
rs3865188,NA,0.672,0.328,NA,NA,A,0.328
rs3887137,0.629,0.371,NA,NA,NA,T,0.371
rs3923113,NA,0.853,NA,0.147,NA,G,0.147
rs405509,0.247,NA,0.753,NA,NA,C,0.247
rs4148727,NA,NA,0.887,0.113,NA,G,0.113
rs4293222,0.386,NA,NA,0.614,NA,C,0.386
rs429358,0.081,0.919,NA,NA,NA,C,0.081
rs4311394,NA,NA,0.574,0.426,NA,G,0.426
rs4360791,NA,NA,0.637,0.363,NA,G,0.363
rs4402960,NA,0.25,NA,0.75,NA,T,0.25
rs4506565,NA,0.046,0.954,NA,NA,T,0.046
rs4523957,NA,0.711,NA,0.289,NA,G,0.289
rs4577037,NA,0.788,NA,0.212,NA,G,0.212
rs4607103,0.619,0.381,NA,NA,NA,T,0.381
rs4712032,NA,NA,0.81,0.19,NA,G,0.19
rs4712524,NA,NA,0.555,0.445,NA,G,0.445
rs4769060,NA,NA,0.643,0.357,NA,G,0.357
rs4783244,NA,0.328,NA,0.672,NA,T,0.328
rs4812829,NA,NA,0.356,0.644,NA,A,0.356
rs4846049,NA,0.132,NA,0.868,NA,T,0.132
rs4911495,0.137,NA,0.863,NA,NA,C,0.137
rs4948878,NA,NA,0.934,0.066,NA,G,0.066
rs4977574,NA,NA,0.548,0.452,NA,G,0.452
rs5001076,1,NA,NA,NA,0,C,1
rs501120,NA,NA,0.612,0.388,NA,G,0.388
rs5015480,0.183,0.817,NA,NA,NA,C,0.183
rs5020946,NA,0.379,NA,0.621,NA,T,0.379
rs505922,0.475,0.525,NA,NA,NA,C,0.475
rs520540,NA,NA,0.359,0.641,NA,A,0.359
rs5219,0.603,0.397,NA,NA,NA,T,0.397
rs579459,0.202,0.798,NA,NA,NA,C,0.202
rs6017317,NA,0.564,NA,0.436,NA,G,0.436
rs6538697,0.264,0.736,NA,NA,NA,C,0.264
rs6556301,NA,0.552,NA,0.448,NA,G,0.448
rs6565105,NA,NA,0.414,0.586,NA,A,0.414
rs660599,0.882,0.118,NA,NA,NA,T,0.118
rs662,NA,NA,0.37,0.63,NA,A,0.37
rs67156297,NA,NA,0.107,0.893,NA,A,0.107
rs6773957,NA,NA,0.552,0.448,NA,G,0.448
rs6780569,NA,NA,0.197,0.803,NA,A,0.197
rs67839313,0.357,0.643,NA,NA,NA,C,0.357
rs6843082,NA,NA,0.27,0.73,NA,A,0.27
rs6905288,NA,NA,0.741,0.259,NA,G,0.259
rs694539,NA,NA,0.342,0.658,NA,A,0.342
rs7041847,NA,NA,0.46,0.54,NA,A,0.46
rs705379,NA,NA,0.307,0.693,NA,A,0.307
rs705381,0.889,0.111,NA,NA,NA,T,0.111
rs7107784,NA,NA,0.912,0.088,NA,G,0.088
rs7178239,0.497,NA,NA,0.503,NA,C,0.497
rs719037,NA,NA,0.73,0.27,NA,G,0.27
rs7193343,0.33,0.67,NA,NA,NA,C,0.33
rs7193788,NA,NA,0.529,0.471,NA,G,0.471
rs7298096,NA,NA,0.681,0.319,NA,G,0.319
rs731991,NA,NA,0.823,0.177,NA,G,0.177
rs7403531,0.619,0.381,NA,NA,NA,T,0.381
rs7412,0.932,0.068,NA,NA,NA,T,0.068
rs7531549,NA,NA,0.055,0.945,NA,A,0.055
rs7612463,0.804,NA,0.196,NA,NA,A,0.196
rs7651090,NA,NA,0.763,0.237,NA,G,0.237
rs7756992,NA,NA,0.467,0.533,NA,A,0.467
rs7766070,1,NA,0,NA,NA,A,0
rs780094,NA,NA,0.536,0.464,NA,G,0.464
rs7857345,0.682,0.318,NA,NA,NA,T,0.318
rs7903146,0.955,0.045,NA,NA,NA,T,0.045
rs7923837,NA,NA,0.769,0.231,NA,G,0.231
rs8034928,0.308,0.692,NA,NA,NA,C,0.308
rs8050136,0.882,NA,0.118,NA,NA,A,0.118
rs8176668,NA,0.722,0.278,NA,NA,A,0.278
rs822391,0.11,0.89,NA,NA,NA,C,0.11
rs822396,NA,NA,0.895,0.105,NA,G,0.105
rs854572,0.546,NA,NA,0.454,NA,G,0.454
rs864265,NA,0.102,NA,0.898,NA,T,0.102
rs879324,0.648,0.352,NA,NA,NA,T,0.352
rs9309245,0.635,NA,NA,0.365,NA,G,0.365
rs934075,NA,NA,0.489,0.511,NA,A,0.489
rs9536591,0.631,NA,0.369,NA,NA,A,0.369
rs9551963,0.361,NA,0.639,NA,NA,C,0.361
rs966221,0.212,0.788,NA,NA,NA,C,0.212
rs972283,NA,NA,0.26,0.74,NA,A,0.26
rs984222,0.383,NA,NA,0.617,NA,C,0.383
rs9939609,NA,0.882,0.118,NA,NA,A,0.118
NA,NA,0,0.009,0.991,NA,T,0
NA,0.049,NA,0.05,0.452,NA,C,0.049
